MEME version 4.4

ALPHABET= ACGT

strands: + -

Background letter frequencies (from uniform background):
A 0.25000 C 0.25000 G 0.25000 T 0.25000 

MOTIF C!!CGCGGAT!CC!_1
log-odds matrix: alength= 4 w= 14 E= 0
  -56.5854	91.0733	-10.6422	-56.5854
  5.6584	5.6584	5.6584	5.6584
  5.6584	5.6584	5.6584	5.6584
  -85.3779	74.8461	45.7682	-85.3779
  -332.1928	-332.1928	184.7997	-147.3931
  -81.7543	84.7997	-81.7543	-81.7543
  -390.6891	-390.6891	198.5500	-390.6891
  75.4175	-464.3856	125.9021	-464.3856
  108.4064	-73.6966	-25.1539	-73.6966
  -148.1585	-148.1585	-148.1585	91.0733
  5.6584	5.6584	5.6584	5.6584
  5.6584	5.6584	5.6584	5.6584
  -64.3856	102.8569	-25.1539	-64.3856
  5.6584	5.6584	5.6584	5.6584


